+40 710 024 027
+40 713 721 929
+40 713 037 240
+40 711 666 147
+40 702 003 043
+40 702 067 475
+40 702 088 783
+40 702 082 200
+40 702 096 185
+40 707 906 743
+40 702 039 236
+40 702 063 583
+40 702 009 249
+40 785 643 672
+40 720 732 214
+40 787 876 116
+40 702 042 235
+40 791 455 704
+40 711 330 517
+40 702 078 210
+40 702 052 938
+40 704 122 770
+40 705 980 371
+40 710 987 951
+40 702 020 646
+40 700 279 657
+40 701 859 569
+40 702 019 995
+40 702 061 248
+40 732 357 692
+40 701 625 464
+40 702 068 623
+40 702 073 070
+40 709 337 485
+40 702 095 217
+40 702 065 462
+40 708 343 989
+40 743 051 663
+40 712 677 394
+40 785 783 547
+40 702 097 247
+40 713 833 060
+40 705 814 587
+40 702 069 453
+40 787 863 978
+40 702 078 423
+40 711 291 606
+40 711 488 956
+40 791 387 027
+40 708 851 799
+40 702 045 388
+40 702 088 928
+40 702 016 299
+40 702 012 799
+40 791 325 722
+40 748 901 640
+40 700 189 759
+40 755 476 091
+40 749 245 633
+40 702 098 923
+40 702 068 499
+40 720 295 327
+40 704 538 584
+40 708 960 068
+40 702 067 479
+40 702 027 312
+40 702 084 473
+40 708 075 296
+40 713 268 761
+40 702 099 746
+40 702 075 789
+40 710 329 543
+40 710 329 543
+40 707 570 127
+40 702 025 070
+40 702 050 936
+40 702 056 527
+40 705 574 045
+40 799 106 864
+40 701 076 313
+40 790 607 284
+40 710 148 232
+40 710 069 696
+40 774 265 596
+40 702 015 621
+40 702 077 044
+40 702 052 018
+40 713 933 649
+40 702 035 106
+40 702 040 652
+40 708 387 457
+40 702 096 588
+40 785 199 338
+40 702 045 809
+40 702 028 703
+40 713 618 820
+40 791 874 334
+40 712 305 048
+40 702 081 211
+40 710 694 402
































